121 59.95 37 10.83
122 0.52 37 10.91
122 17.8 37 24.0
122 18.3 37 24.6
122 0.85 37 13.74
122 0.03 37 13.11
122 3.75 37 16.76
122 3.53 37 17.49
122 16.7 37 22.7
122 15.9 37 21.3
122 8.6 37 16.1
122 9.7 37 17.6
122 8.4 37 14.6
122 9.02 37 16.9
122 10.2 37 19.8
122 8.7 37 19.08
122 11.1 37 19.3
122 10.7 37 19.5
122 9.9 37 19.0
122 9.26 37 18.5
122 5.26 37 17.52
122 5.60 37 17.80
122 5.50 37 17.65
122 17.38 37 28.58
122 21.1 37 26.9
122 20.3 37 27.0
122 5.91 37 20.18
122 7.92 37 20.00
122 6.64 37 20.05
122 11.2 37 18.9
122 12.2 37 19.4
122 12.3 37 19.3
122 7.2  37 15.5
121 52.03 37 9.59
121 56.06 37 11.77
121 56.01 37 12.70
121 56.14 37 11.99
121 57.43 37 11.55
121 53.94 37 9.63
121 56.96 37 11.52
121 52.54 37 9.57
121 52.89 37 10.58
122 10.87 37 18.5
122 10.4 37 18.6
121 58.60 37 12.34
121 59.06 37 12.42
121 58.95 37 12.26
122 14.7 37 21.8
122 14.13 37 21.9
122 13.52 37 22.10
122 14.7 37 22.0
